3000 3000 3000 10
2993 1396
2999 2492
3000 2539
2996 1768
2994 2510
3000 2385
2995 940
2994 1080
2999 83
2994 1861
2991 158
2997 143
2997 2937
2994 1795
2996 2582
2997 2343
2990 1288
2998 2698
2998 1246
2995 1490
2993 1814
2991 422
2991 664
2994 2928
2990 2014
2999 1887
2995 2447
2997 1100
2999 1128
2992 513
2992 2108
2997 2871
2997 1606
2992 62
2998 2313
2990 1178
2993 747
2991 1643
2991 609
2991 2589
2992 909
2997 2838
2996 1889
3000 2693
2997 2387
2997 1265
2998 1048
2996 1130
2997 2299
2999 721
2994 1839
2991 2468
2994 2840
2994 2455
2992 887
2995 1908
2990 2531
2996 118
2997 231
2990 2619
2994 1025
2999 2327
2999 2767
2998 2918
2993 1891
2990 23
2996 1163
2991 1115
2992 1140
2992 1063
2999 2096
2993 2914
2998 1862
2992 161
2993 879
2994 2862
2994 1938
2997 737
2990 67
2993 2617
2990 2278
2994 563
3000 790
2999 402
3000 746
2993 1451
2993 54
2990 2795
2997 2596
2992 1239
3000 768
2995 1039
2991 466
2995 2095
2990 1310
2992 601
2993 1044
2995 1127
2997 2101
2992 711
2995 1094
2992 546
2991 972
2996 1680
2994 2070
2994 596
2996 2307
2992 414
2995 1655
2990 1871
2995 731
2995 2381
2999 2789
2991 290
2992 1008
2992 381
2994 332
2995 181
2999 1480
2997 1485
2992 2724
2996 1108
2991 312
2998 1345
3000 2264
2995 16
2996 316
2998 1818
2994 79
2996 2208
2995 2777
2995 2876
2996 393
2990 1618
2996 1801
2990 749
2996 2461
2991 1478
2990 199
2996 2648
2990 1123
2999 1953
2994 2268
2993 1880
2995 2150
2996 1141
2997 253
2992 2207
3000 2231
2999 2569
2997 2497
2990 2377
2990 452
2991 983
2999 2228
2991 2061
2991 257
3000 1989
2996 2175
2993 2155
2993 1770
2996 734
2998 2412
2996 2186
2992 766
2991 1951
2992 1657
2992 2581
2998 2368
2991 1192
2991 1390
2996 2164
2998 2896
2990 122
2993 2859
2998 1103
2998 1026
2997 726
2995 1875
2996 2197
2992 1965
2996 371
2994 2004
2991 1379
2994 1564
2999 2052
2998 80
2996 2472
2996 1900
2997 1221
2998 135
2993 2793
2998 2632
2998 1092
2996 2890
2993 1462
3000 1098
2999 17
3000 1582
2996 294
2994 904
2997 275
2997 2981
2999 1315
2991 1907
2995 2953
2998 289
3000 2825
2995 2733
2997 2431
2993 2177
2991 697
2997 2134
2997 748
2998 333
2997 2827
3000 174
2994 321
2996 1438
3000 339
2995 1314
2994 1784
2994 761
2998 2973
2998 2720
2990 331
2993 890
2996 1504
2994 2191
2998 1356
3000 2715
2995 1622
2994 2532
2997 880
2996 701
2995 1270
2993 2342
2992 227
2994 2499
2993 2441
2995 951
2999 2261
3000 2352
2994 1223
2993 1946
2996 1526
2995 808
2991 1049
2991 2248
2996 1262
2994 1179
2991 906
2991 2237
2993 109
3000 1703
2997 1155
2990 1343
2990 419
2991 2017
3000 64
2995 2920
2991 1698
3000 416
2999 2822
2995 918
2998 1840
2995 1776
2998 157
2998 608
2992 1184
2993 2496
2999 1392
2998 1807
2991 2347
2990 2630
2991 1467
2996 206
2995 995
2996 41
2997 1441
2993 2881
2999 2591
3000 1043
3000 493
3000 2330
2995 2469
2991 2633
2996 789
2996 1196
2990 628
2993 2397
2999 1403
2996 1636
2998 1708
2999 2954
2993 736
2990 2883
2991 2523
2997 66
2995 2909
2997 99
2991 708
2997 594
2997 1067
2995 2623
2994 1586
3000 2583
2991 741
3000 1835
2993 1715
2992 1052
2994 2224
2998 487
2997 1903
2996 2241
2997 1529
2990 1398
2993 2320
2995 797
3000 2594
2999 424
2992 678
2996 998
2993 527
2991 1995
3000 1153
2993 2661
2991 191
2992 403
2995 753
2997 2970
3000 1692
2994 2752
2990 837
3000 306
2992 2933
2995 1633
2999 501
2990 276
2997 2200
2995 2689
2999 468
2999 1821
2995 1556
2998 1697
2993 461
2991 2677
2997 1925
2993 43
2991 1093
2990 463
2996 1119
2990 485
2997 2090
2999 567
2993 2265
2999 1546
2995 1831
2999 1656
2992 1712
2993 208
2994 1212
2993 1363
3000 1934
2999 2657
2996 2120
2990 727
2993 1429
2993 2144
2991 1500
2993 351
2998 3
3000 2781
2995 2865
2997 2266
2995 709
2998 2379
2998 2940
2995 5
2990 1530
2991 763
2990 375
2997 2640
2995 1248
2996 261
3000 2451
2997 1859
2992 1338
2992 744
2994 1355
2995 2700
2999 1557
2995 1215
2992 1998
2995 1281
2998 2885
2995 170
2998 795
2996 2142
2998 2577
2990 177
2990 2267
2999 1238
2991 1533
2990 1035
2990 1948
2998 1950
2998 256
2991 829
2999 160
2994 189
2996 360
3000 2913
3000 999
3000 1373
2997 2233
2998 1620
2993 1341
2998 1290
2995 621
2991 2413
2991 576
2991 26
2996 558
2993 1165
2990 661
2997 308
2991 1687
2996 756
2991 2138
2993 1022
2995 1402
2993 560
2993 1132
2997 2651
2999 2844
2996 1416
3000 669
2991 1214
2990 1981
3000 1912
2999 699
2995 2282
2994 849
2992 502
2996 778
2991 213
2991 2963
2997 2783
2997 2992
3000 581
3000 2814
2992 1316
2991 92
2996 2560
2991 103
2999 1865
2992 1448
2999 655
2990 232
2996 1625
2997 2255
2993 1726
2998 542
3000 834
2992 953
2994 2719
2999 1183
2992 1404
2998 850
3000 1296
2999 1227
2997 176
2997 2057
2991 499
2992 1877
2996 1251
2996 140
2998 2643
2997 1034
2992 1690
3000 735
2994 211
2990 1926
3000 1406
2997 2178
2993 1968
2997 2024
2991 2193
2991 1346
2991 1247
2999 1150
2996 2296
2991 1555
2990 683
2991 2545
2999 2338
2993 450
2991 1588
2997 2409
2993 1253
2996 723
2999 1524
2996 2087
2994 1740
2992 2493
2991 1676
2990 2124
2999 1062
2995 1336
2997 770
2994 2411
2995 2315
2994 2345
3000 1670
2999 2382
2991 1742
2997 2959
2995 115
2997 2805
2999 2129
2995 214
2997 1408
2993 2111
2999 2701
2991 1654
2992 1844
2997 671
2990 1893
2995 588
2995 720
2994 2114
2994 684
2990 243
2991 2314
2999 457
2990 56
2996 2285
2999 600
2999 2426
2998 2203
2998 2104
2995 2821
2995 819
2993 571
2996 2340
2996 899
2996 2912
2994 1267
2999 2613
2991 2578
2997 1111
2997 1650
2993 1528
2998 883
2991 1841
2997 77
2999 2602
2998 113
2995 2722
2996 2109
2999 2415
2993 2947
2996 1042
2997 429
2994 2136
2998 91
2999 2063
2999 1711
2996 2571
2992 2548
2993 2738
2995 610
2990 89
2995 27
2999 2360
2994 629
2998 2709
2995 2524
2999 193
2990 155
2997 1672
3000 2517
2991 433
2993 1473
2994 1344
2998 751
2995 1644
2990 320
2996 2318
2990 221
2999 2448
2990 1244
2991 1709
2991 642
2992 579
2990 936
2997 11
2993 87
2990 166
2992 337
2995 2788
2998 674
2994 772
2997 825
2999 281
2996 2351
2997 1254
2999 2294
3000 2605
2992 29
2994 1905
2993 1836
2995 1182
2998 14
2997 2277
2996 888
2998 872
3000 196
2991 2996
2992 2273
2995 1743
2993 1099
2993 1517
2992 557
2993 2650
2994 1157
2994 1201
2999 2811
2996 1581
2990 815
2992 359
2997 2541
2999 2349
2992 975
2999 2877
2999 534
2999 2173
2997 1353
2992 2669
2994 1058
2993 2639
2994 1828
2991 2226
2995 412
2998 597
2996 2714
2992 1745
2991 1753
2993 1407
2993 2408
2996 1493
3000 1439
2995 2194
3000 119
2990 650
3000 1802
2992 1195
2999 776
2995 1963
2992 1382
2999 1645
2994 816
2995 1369
2999 2712
2998 1829
2993 1033
2995 2062
2990 2025
2995 1006
2995 159
2997 968
2994 453
2990 793
2992 73
2993 714
2995 1820
2994 1949
2995 1688
2997 627
3000 2110
2991 235
2998 47
3000 1923
3000 2011
2997 132
3000 460
2997 1474
2995 1853
2996 470
2995 2216
2993 582
2993 2705
3000 218
2999 1051
2996 943
2993 2012
2991 1368
2995 1446
2994 2708
2993 2529
2991 1159
2994 2059
2990 2366
2998 2137
2998 1686
2992 1811
2995 2535
2995 2392
2993 846
2998 2533
2991 1863
2992 348
2996 30
2999 1326
2990 34
2997 517
2998 2599
2995 2359
2995 2227
2993 1572
2999 688
2996 866
2992 1888
2991 873
2997 1848
2994 805
2996 1064
2996 2373
2997 352
2990 551
2991 1203
2995 2029
2990 1200
2997 704
2993 241
2999 171
2990 2542
2994 1619
2996 2703
2998 2500
2994 2796
2996 1306
2995 687
3000 152
3000 372
2997 2310
2999 1568
2998 1554
2998 234
2996 404
2999 270
2997 1870
2998 916
2990 2806
2998 388
2993 2584
2993 1385
2994 1597
2993 1143
2990 2949
2992 1261
2998 2478
2990 111
2991 1874
2990 2421
2998 1147
2997 2354
2996 1350
2993 2672
2996 2923
2999 2195
2992 1778
2998 1389
2992 524
2996 1537
2993 263
2990 1145
2993 1759
2994 222
3000 1494
2993 758
2998 69
2997 1837
2997 1287
2994 2356
3000 559
2993 2760
2999 787
2996 1999
2994 24
2991 939
2991 1973
2997 2706
2995 1732
2990 496
2998 432
2997 715
3000 1065
2993 2815
2995 1380
2990 1761
2994 233
2999 589
2993 835
2990 2003
2994 1036
2990 2058
2991 2094
2991 796
3000 537
2991 367
2990 1970
2998 1983
2999 2459
2993 648
2998 1334
2992 2966
2997 2662
2996 1339
3000 2737
2994 134
2999 248
2990 1651
2998 1884
2997 2882
2999 1744
3000 2055
2990 518
2991 1412
2991 2270
2992 920
2997 407
2990 12
3000 1450
2999 677
2995 2711
2993 2749
2990 1409
2999 2151
2994 1729
2997 1496
2990 1816
2991 1764
2991 1632
2994 2169
2992 1932
2994 1553
2997 693
2999 226
2997 1562
2990 2212
3000 1241
2990 1585
2990 1783
3000 273
2999 1458
2994 2389
3000 2957
2991 2039
2990 2762
2993 2056
2998 1455
2990 2443
2996 1790
3000 2319
2997 649
2990 1541
2990 2608
2994 2950
2997 2046
2996 2780
2994 1971
2994 2312
2992 2526
2992 1701
2998 2181
2997 1144
2994 651
2997 1793
2991 301
2992 2537
2991 2732
3000 240
2990 1552
2992 1635
2993 857
2991 1148
2990 1662
2992 2009
2991 2028
2994 387
2997 759
2997 2068
3000 2462
2996 85
2995 1204
3000 2627
2990 925
2997 1518
2998 2423
2990 397
2999 1876
2995 1391
2991 444
2991 2259
2995 137
2993 2969
2996 844
2990 2300
3000 86
2998 740
2997 1507
2990 2080
2997 1320
2994 1531
3000 229
2990 507
2997 286
2991 818
2996 2098
2997 1694
2996 2417
2991 114
2991 950
2998 1059
2992 2900
2991 2105
3000 2792
2994 1289
2999 1997
2991 246
2992 1613
2995 1787
2992 1041
2990 1563
3000 1076
2991 2897
2992 2944
2990 848
3000 1483
2999 1832
2991 2391
2997 2739
2991 2666
2995 1138
3000 251
2992 117
2996 833
2996 250
2990 2564
2991 323
2992 568
2999 2723
2996 2681
2992 2240
2990 353
2990 2234
3000 1384
2994 2400
2994 2851
2992 1030
2995 2260
2994 794
2997 2519
2993 1660
2999 2866
2992 1525
2990 2520
2994 2180
2996 184
2993 2254
2992 2031
2998 2390
2997 1628
2992 172
2997 1716
2992 51
2990 188
2997 2123
2996 1823
2997 2442
2990 1673
2995 2370
3000 625
2993 1231
2996 2758
2991 917
3000 1131
2998 2192
2996 2527
2995 841
2993 1374
2990 2454
2993 2573
2992 2977
2997 2563
2999 105
3000 1956
2991 1280
2996 1966
2993 505
2990 78
3000 2044
3000 2759
2996 2978
2991 2842
2991 587
2999 1425
2992 535
2993 2694
2990 2927
2995 2172
3000 449
2999 1733
2994 2103
2998 2346
2991 2435
2990 573
2990 2047
3000 2858
2992 1767
2992 436
2994 530
2996 525
2997 781
2990 2828
2999 1216
2994 1872
3000 757
2990 617
2996 690
2998 2654
2996 1570
2995 2832
2991 356
2999 2470
2996 2626
2993 2991
2992 2647
2990 1211
2995 1193
2999 2679
2992 1536
2994 673
2999 336
2995 2634
2995 544
3000 482
2992 2460
2997 2684
2997 1386
2996 1207
2990 1156
2995 1699
2998 223
2995 1578
2995 1292
2994 90
2999 765
3000 1593
2991 2941
2994 1960
2992 2119
2993 1583
2994 1476
2999 2140
2998 2093
2994 717
2998 1136
2991 1445
2991 2281
2991 389
2998 2687
2994 145
2992 1250
2991 2853
2999 644
2994 1762
3000 845
2993 2463
3000 2979
2990 1739
2996 1548
2991 378
2990 2168
2999 1304
3000 1516
2995 1710
2994 420
2992 2603
3000 1318
2990 672
2992 2163
2998 2214
2993 2122
2999 2041
2998 938
2996 1878
2998 2984
2996 1086
2998 2060
2999 2580
2993 98
2995 2601
2993 472
2997 924
2991 1918
2994 2301
3000 1120
2991 2490
2996 1702
3000 2561
2992 1503
2992 150
3000 1175
2991 1060
2998 1961
2995 1017
2997 550
2991 1335
2999 1029
2992 1294
2997 605
3000 2088
2998 1532
3000 570
3000 1824
2997 902
3000 9
2994 871
2996 8
2996 1834
2992 1514
2997 1738
2998 1565
3000 1879
2998 707
2995 49
2996 426
2997 1001
2999 886
2990 2069
2993 439
2998 1631
2999 710
2993 285
2992 2372
2991 2512
2994 2774
2994 1190
2991 202
2999 2217
2990 2971
2992 1393
2992 1547
2993 1088
3000 1736
2994 2697
2998 2874
2993 142
2991 1621
2995 2293
2990 2487
2997 979
2996 2692
2990 2641
2998 2456
2993 219
2992 1349
3000 2572
2994 167
2996 1317
2992 810
2994 1520
2993 2089
2995 764
2997 2145
2993 692
3000 1857
2996 1845
2993 2925
2990 1464
2994 123
2992 2735
2998 1642
2990 1134
2998 773
2998 2236
2990 1167
2992 1569
3000 317
3000 1505
2994 475
3000 1890
2999 930
2996 2428
3000 1714
2995 2975
2998 2401
2991 631
2990 2091
2992 788
2996 2054
2997 1430
2995 247
2996 2868
2992 2713
2995 1941
2995 2810
2995 1930
3000 2770
2997 2915
2997 44
2996 932
2991 1830
2992 2383
2998 1257
2993 1220
2999 1766
2994 2598
3000 2748
2995 643
2993 637
2998 861
2998 1433
2995 566
2997 1661
2994 1652
2993 428
2993 538
3000 1087
2998 2258
2990 826
2993 2892
2994 497
2997 363
3000 2528
2996 1295
2991 785
2992 2229
2992 1272
2996 2439
3000 614
2997 2222
2994 1498
3000 1021
2997 330
2990 2751
2993 967
2993 2078
2990 540
2994 1278
2996 74
2990 1365
2991 1720
2990 1728
2994 1993
2999 908
2996 1009
2998 2588
2999 2624
2997 847
2998 1081
2992 1426
3000 2363
2999 1205
2997 2728
2996 965
2996 1097
2996 107
2994 937
2990 2322
2996 2791
2993 1297
2994 2202
2990 1607
2996 2153
2990 2157
2991 1885
2991 2050
2996 1944
2992 942
2997 858
2994 1916
3000 1538
2992 689
2997 1991
2993 362
2995 2898
2990 2960
2996 954
2991 2886
2998 2544
2998 1158
2993 296
2991 2446
2999 2888
2999 1590
2998 1125
3000 2176
2992 1822
2992 2471
2990 1904
2995 2128
2998 927
2990 1750
2991 2182
2999 303
2997 2453
2990 881
3000 328
3000 1604
2990 1299
3000 361
2991 1016
2992 326
2990 430
2990 2696
2996 2230
2991 1126
2991 554
2997 495
2994 1487
2994 2653
2996 2043
2998 1752
2993 1704
3000 2220
3000 1747
2996 591
2998 1917
2995 1919
3000 284
2996 1471
2998 1191
2998 2038
2991 961
2997 506
3000 2990
2998 2291
2991 774
3000 2396
2991 1269
2999 2118
2995 335
2995 1897
2996 2505
2997 803
2996 228
2991 1137
2992 2801
2991 1665
2990 606
2994 728
3000 603
2996 1515
2999 974
2991 2116
2990 892
2998 2247
2990 870
2994 750
2998 2280
2999 1777
2995 2205
2991 2930
2992 997
2996 1020
2997 264
2991 2875
2997 1210
2992 2790
2993 2001
2994 2906
2996 2065
2990 1717
3000 262
2995 1809
2997 957
2991 169
3000 1109
2995 522
2992 469
2995 390
2990 1442
2992 2922
2996 2329
2996 1955
2991 1181
2992 2295
2998 267
2993 934
2998 1928
2992 84
2996 800
2992 2141
2990 639
2995 929
2996 1273
2993 516
2996 415
2994 2631
2994 1003
2992 843
2996 52
2995 599
2992 1976
2999 182
2999 369
3000 1186
2999 875
2990 2113
2995 2887
2990 1420
2998 366
2999 1018
2991 2457
2996 2846
2998 1312
2998 1279
2996 2945
2995 324
2996 910
2996 2604
2994 2015
2998 2434
2996 1713
2994 827
2991 1577
2997 1342
2994 959
2996 1240
2994 266
2997 616
2990 1497
3000 2253
2996 1812
2992 1371
2992 2405
2991 730
2994 2884
2996 1977
2998 2610
2996 481
2999 1381
2999 2239
2994 1663
3000 724
2998 311
2998 1499
2998 564
2990 1387
2999 1414
2997 2530
2999 523
2992 1624
2997 1782
2991 2556
2994 541
2990 2146
2991 2149
2999 2305
2998 1180
2998 2467
2999 1975
2992 40
2996 745
2997 990
2994 2367
3000 504
2999 1359
2999 820
2999 1249
2997 1276
2995 533
2990 144
2998 201
2998 2566
2995 2073
2992 612
2992 634
2992 2867
2997 660
2990 1024
2991 488
2993 2606
3000 2407
2995 2942
2990 1959
3000 2099
3000 1461
2997 319
2996 1691
2998 1543
2991 2864
3000 471
2992 1173
2997 1419
2993 1154
2998 1422
2994 1850
2998 982
2994 1300
2998 1873
2993 2507
3000 2132
2998 729
2996 1372
2999 798
2991 1236
2994 57
3000 955
2997 1188
2990 1805
3000 2902
2998 2049
2998 1763
2992 2702
2994 2477
3000 130
2999 666
2998 421
3000 2187
3000 97
2993 670
2993 1550
2997 2860
2995 346
2994 1234
2991 1489
2994 2081
2997 209
2998 168
2992 2152
2997 2189
2994 2609
2997 1023
2996 1383
2993 2628
2990 1640
2993 1847
2993 483
2990 914
2990 2498
2994 2554
2995 698
2993 2221
2994 2158
2999 2371
2997 374
2990 958
3000 2286
2994 2807
2991 2952
2999 1106
2991 2831
2992 2251
2999 2998
2997 1540
2993 340
2993 1869
2996 1757
2995 1589
2992 2097
2992 1866
2999 1491
2998 2841
3000 2946
2999 1293
3000 2143
2998 806
2991 2754
2991 1302
2998 520
2992 2130
2990 1101
2993 2870
2993 1825
2991 81
3000 2440
3000 702
2998 399
2993 1561
2990 309
2993 1286
2992 2427
2996 1075
2995 1303
2992 2306
2996 382
2996 2131
2996 437
2990 2388
2991 37
2995 1083
2999 1909
2995 885
2995 236
2994 585
2992 2592
2998 1609
2998 828
2990 1706
3000 1648
2999 380
2997 1045
2997 220
2991 2358
2991 2204
2995 1765
2994 1542
2999 215
2994 1256
2992 2911
3000 1054
2991 2424
2997 462
2995 1358
2996 2384
2993 901
2996 2769
2995 1600
3000 2022
2999 1073
2997 2332
2990 2036
2995 1160
2993 406
2990 1332
2998 1114
2992 2999
2991 565
2990 1882
2993 494
3000 548
2999 61
2990 1189
2999 1535
2993 1330
2990 133
2993 175
2992 832
2999 39
2998 410
2992 986
2997 1463
2992 645
2992 2317
2996 305
2991 752
2991 2160
2997 1749
2992 2284
2993 384
2995 1105
2996 19
2998 696
2997 1771
2990 287
2999 2206
2990 2333
2996 2549
2996 1559
2995 863
2993 21
2996 1460
2999 963
2995 1721
2991 1896
2992 2955
3000 2209
2993 1957
2990 584
3000 2649
2992 1151
2997 1551
2998 25
2991 1401
2991 2721
2993 2804
3000 2836
2996 1735
2998 509
2999 413
2999 633
3000 295
3000 812
2992 282
2995 291
2996 1284
2997 1243
2998 2621
2990 1090
2992 1360
2990 1574
2999 864
2992 590
3000 911
2997 2695
3000 2077
2999 2833
2995 203
3000 2154
2993 2683
2994 1509
2998 102
2991 719
2999 2932
2991 1170
2999 2250
3000 141
2998 2159
2996 547
2992 623
3000 2924
2996 1394
2997 2750
2992 458
2994 882
2994 2576
2993 791
3000 647
2997 792
2998 454
2999 2921
2990 254
2999 1194
2992 2262
2996 668
2996 1218
2997 2321
2996 503
2998 2830
2990 2685
2994 2829
2995 2590
2997 440
2994 2917
2998 2115
2995 775
2997 1584
2995 654
2998 1070
2997 2893
2997 451
2992 931
2994 2037
2992 1591
2996 987
2994 519
2997 2816
2993 274
2992 106
2992 2328
2993 373
2993 1000
2998 1785
2998 2005
2997 1815
2993 1264
2998 1994
3000 592
2995 313
3000 2638
2997 341
2990 100
2994 2026
2994 310
2996 2989
2997 2926
2999 1579
2990 2179
2992 2570
2996 2263
2992 1019
2992 2680
2993 1319
2998 1411
2993 230
2992 1470
2999 2778
2997 1012
3000 2242
2995 2458
2996 2813
2991 2479
2998 894
2990 694
2994 695
2997 583
2993 2430
2994 2642
3000 2066
2990 980
2993 2551
2993 813
2999 2404
2999 1348
2994 1685
2991 2919
2998 465
2992 2339
2997 2464
2992 304
2996 2901
2995 1457
2995 2018
2996 514
2991 1082
2991 884
2993 2133
2991 2600
2996 162
2993 1627
2990 760
2991 521
2994 1410
2995 2084
3000 2935
2991 1291
3000 1395
2994 2290
3000 2308
2991 2809
2994 178
2994 2983
2990 2916
2999 2976
2991 2908
2998 2170
2991 1038
2991 2303
2993 1792
2990 738
2995 2612
2994 970
2993 593
2992 2559
2998 2126
2998 124
2997 1914
2993 1616
2990 1849
2996 536
2991 345
2997 1947
2992 1415
2996 2406
2990 408
3000 988
2990 2289
2991 2699
2999 50
2998 905
2998 762
2999 1942
2990 2905
2999 919
2997 1199
2994 1146
2998 2742
2995 2348
2999 1117
3000 823
2993 2309
2997 1078
2994 398
2993 2716
2993 1649
2994 2048
2991 1610
2990 1255
3000 350
3000 2418
2997 539
2991 2567
2992 1756
2996 1856
2995 2799
2995 2425
2992 1206
2998 1730
2992 1602
2995 192
2995 456
2990 2553
2991 2402
2993 10
2991 543
2993 615
2994 607
2995 467
2990 2872
2993 76
2993 2023
2995 2238
2993 2298
2998 179
2995 2480
2995 1413
2995 2414
2992 2086
2991 1027
2993 318
2991 1104
2999 2184
2990 2773
3000 1571
2996 3000
2993 2210
2993 1858
2993 1077
2994 409
2996 448
2991 2974
2991 2292
3000 1274
2997 187
2991 1940
2995 2502
2990 2355
2996 338
2992 194
2993 1935
2996 2494
2992 1305
2994 662
2995 577
2998 2511
2995 1435
2998 322
2994 618
2997 2288
3000 977
2998 1235
2995 1677
2991 1599
2991 1313
2996 1152
2990 1079
3000 2374
2998 1477
2992 2768
3000 1329
2999 2514
2997 528
2999 1623
2996 1405
3000 1868
2999 2272
2991 1005
2996 2395
2992 95
2994 838
2997 165
2997 1375
2995 2326
2991 2787
2992 7
2997 2629
2999 2547
2990 1475
2997 913
2990 562
3000 1428
2990 2729
2994 893
2995 1798
2994 2213
2999 1612
2991 48
2992 1910
2999 1447
2992 799
2992 1558
3000 2880
2997 1639
2993 802
2998 784
2992 2823
3000 1208
2992 2834
2997 484
2999 358
2991 1544
2995 1534
2996 569
2993 2848
3000 2484
2993 1671
2990 1827
2998 1675
2999 1271
2993 1055
2990 859
3000 31
2990 2575
3000 1417
2990 1233
2994 1102
2996 2362
2993 2386
2993 681
2994 1421
2991 2776
2990 45
2990 1266
2999 1722
2995 2579
2994 1883
2994 2895
2995 434
2993 1737
3000 1351
2996 2725
2995 1501
2990 804
2998 949
2992 1789
2990 1794
2995 82
2995 38
2993 2936
2997 33
2996 1911
2994 783
2990 2817
2999 831
2994 2378
2990 782
2999 1370
2997 1683
2990 2223
2999 292
2996 96
2993 1121
2998 1741
2997 55
2999 2481
2996 2076
2994 1465
2990 2993
2992 733
2997 1881
2991 268
2992 447
2996 1031
2997 2079
2992 1217
3000 1032
2999 1172
2997 1056
2991 125
2996 129
2997 2486
2993 120
2991 653
2992 2691
2998 531
2992 205
2995 2678
2996 613
2991 2325
2995 2755
2999 2987
2995 2337
2996 2219
2993 1990
2999 809
2992 1679
2995 1028
2997 1617
2997 1826
2998 2335
2994 1311
3000 427
2995 2007
2992 2042
2999 1788
2996 2659
2998 212
2995 852
2991 147
2992 1327
2994 2994
2998 2962
2994 1718
2998 2082
2995 357
2991 1962
2993 626
2991 1786
2993 549
3000 2341
2990 969
2994 2147
2991 1434
2998 553
2992 2658
3000 20
2995 907
2993 2958
2991 2171
2999 2437
2999 1898
3000 163
2990 2663
2993 1682
2994 1168
2992 249
2999 1964
2993 780
2997 121
2992 2438
2998 443
2991 851
2990 716
2992 238
3000 1472
2993 1781
3000 922
2990 1002
3000 1846
2998 1796
2996 1867
2998 2775
2996 2736
2998 1301
2990 771
2993 2034
2999 28
2997 869
2992 1723
2994 1630
2991 2985
2999 1502
2990 1684
2998 2764
2996 2483
2994 2521
3000 966
2992 491
2998 2995
3000 889
2996 1779
2995 93
2994 2488
2990 1046
2999 622
2998 2929
2990 2652
2994 68
2999 391
2997 2948
2994 992
2993 2375
2996 1592
2994 2543
2999 842
2999 556
2996 2274
2999 2030
2998 1004
2999 1920
2998 1664
2993 2980
2992 1162
2999 259
2999 2558
2993 1495
2994 1333
2994 2785
2998 1169
2992 1833
2990 364
3000 1978
2991 2710
2998 1400
2994 2873
2994 200
2992 293
2994 2818
2991 455
2991 807
2992 700
2993 2243
2997 2365
2991 1929
3000 691
2990 1486
2990 705
2990 2509
3000 779
2996 624
2994 2686
2994 1674
2993 2485
2994 1894
2997 2398
2992 2614
2998 1466
3000 2297
2998 1576
2990 2410
2993 2100
2997 638
2996 855
2993 2452
2999 72
2996 580
2997 1595
2995 1050
2992 2889
2991 598
2999 2074
2993 824
3000 53
2998 2797
2991 2380
2998 377
2990 210
2997 2717
2992 18
3000 2275
2997 1089
2995 1149
2999 2283
2996 492
2995 258
2990 2597
2995 2436
2999 237
2992 1855
2995 830
2993 1506
2993 2331
2995 1886
2994 2620
2994 2235
3000 1362
3000 1725
2998 2786
2997 2772
2991 2083
2997 1892
2998 2555
2992 1074
2991 2072
2998 2445
2993 1198
2995 896
2997 110
2997 2002
2994 552
3000 944
2997 946
2999 941
2994 1014
2996 2615
2992 2779
2993 2518
2996 1427
2999 2316
2998 2863
2995 1116
2994 915
2995 2931
2999 2536
2992 425
2993 604
2997 1804
2999 127
2992 2196
2993 2199
2991 1522
2993 725
2999 2800
2990 1508
2993 2771
2995 1061
2999 2668
2993 868
2996 976
2995 500
2999 435
2997 385
2994 2444
2991 895
2995 1842
2992 1668
2991 1775
2995 401
3000 438
2994 1322
2996 349
3000 1681
2999 512
2991 70
2991 2369
2990 2839
2991 136
2992 2075
2990 2432
2999 996
2999 1469
2995 1072
2999 1161
2990 1629
2994 46
2995 1567
2994 706
2991 2127
2992 1118
2993 2727
2990 1277
2996 877
2990 441
2993 2353
2991 1423
2993 1440
2993 2364
2996 1647
2994 2433
2992 1954
2992 2482
3000 1945
2991 2611
2997 2552
2995 1226
2997 473
2992 2812
2996 1603
3000 1340
2999 985
2993 2782
2995 445
2991 1258
2992 2757
2996 2824
3000 2429
2994 255
2990 2707
3000 1010
2995 984
2999 138
2997 572
2993 2067
2993 252
2996 822
2998 2357
2994 1124
2993 1748
2997 1397
2991 675
2996 811
2997 836
2992 2174
2999 1337
2992 315
2994 2279
2993 1110
3000 383
2992 755
2999 1689
2993 2562
3000 1791
2991 224
3000 878
2993 2276
2996 2032
2997 1122
2990 2135
2990 1838
2992 480
2996 2835
2998 190
2993 1803
2992 1437
2991 510
2991 2688
2990 1992
2999 325
2990 2740
2993 989
2999 2162
2997 2244
3000 1142
2993 945
2994 1432
2993 2232
2993 1902
2994 1366
2996 1988
2992 1734
2994 1047
2999 1095
2992 2504
2992 2988
2995 874
2995 632
2997 1364
2992 898
2997 418
2990 1222
2995 2568
2996 1482
2998 1851
2995 1347
2998 993
2995 148
2998 2302
2993 1187
3000 2506
2996 602
2994 508
2993 1176
2990 2476
2998 1598
2995 1523
2992 876
2998 971
2995 423
3000 2726
2994 244
2998 58
2994 2334
3000 2616
2995 1974
2994 1773
2990 1519
2994 2961
2995 368
2999 2899
2995 2667
2997 198
2991 1566
2999 479
3000 2198
2997 297
2999 1678
2992 854
3000 1219
2998 498
2992 2625
2999 1667
3000 394
2995 2513
2999 1007
2995 126
2994 431
2998 1939
2992 1646
2991 2336
2995 2997
2998 1774
2995 2304
2990 1376
2996 217
2995 71
2990 298
2998 2016
2990 903
2992 183
2996 1922
2998 245
2999 446
2991 1797
2993 1638
2994 277
2997 1573
2999 732
2999 94
2993 1308
2998 2907
2990 2201
2994 1399
2995 2964
2995 1171
2998 1268
2992 777
3000 1164
2996 2879
2997 2849
2994 2422
2994 1113
2990 991
3000 1780
3000 1758
2997 2904
2997 682
2996 2637
2998 685
2994 376
2999 1040
3000 2550
2990 1695
2991 1071
2997 1452
2995 1545
2994 1982
2992 1096
2997 2475
2995 302
2992 1921
2996 635
2998 2819
2996 712
2994 464
2991 2655
2990 2982
2998 718
2993 2474
2996 679
2997 2376
2994 1454
2993 307
2994 1377
2990 1937
2998 1510
2999 2943
2995 60
2997 1232
2996 1449
2991 2644
2993 1352
2999 1260
2995 786
2990 2674
2992 1800
2999 2646
3000 75
2990 2399
2996 1229
2995 2744
3000 1967
2995 1666
2998 2269
2992 2515
2993 769
3000 2495
2999 1700
2997 1705
2992 2878
2996 2538
2992 2845
2996 1361
2993 1693
3001 1
2994 926
2995 1512
2994 2466
2999 1513
2995 511
2996 2747
2994 288
2992 2856
2995 1952
2999 490
2996 2956
2998 2148
2999 116
2997 88
2993 197
2998 586
2991 840
2997 891
2996 2934
3000 2165
2992 2449
2993 1979
2993 2903
2992 1085
2998 1521
3000 933
2992 2218
3000 2121
2994 2675
2999 2525
2991 400
2992 2394
2998 2071
2997 2156
2999 347
2992 1481
2990 265
2992 370
2998 960
2995 280
2999 1601
2998 2676
2998 1719
2992 821
2994 343
2999 2019
2997 1969
2998 355
2997 1133
2994 640
2991 59
2995 676
2990 2586
3000 1252
2999 1854
2994 1443
2993 1418
2992 2064
2990 2311
2990 947
2999 2745
2993 164
2990 2245
2994 2
2998 663
2997 2167
2999 1931
2994 2257
2997 2794
2993 131
2994 574
2992 1129
2994 486
2995 104
3000 2033
2991 1324
2999 611
2996 2593
2997 2585
2992 722
2995 1985
2993 1594
2995 2557
2999 2635
2996 459
2995 1325
2992 1580
2997 2761
2996 1669
2991 279
2995 1237
2996 657
2996 1185
2993 2166
2999 1799
2994 860
2991 1731
2994 1641
2998 1037
2998 1972
2996 173
3000 658
2997 814
2994 2246
2996 1746
3000 1901
2993 923
2993 186
2994 13
2993 2540
2990 2894
2994 2323
2999 1755
2996 239
2991 2820
2993 2287
3000 801
2993 703
2998 1224
2995 1479
2998 2852
2998 1895
2991 620
2992 2746
2992 2361
2996 1053
2990 1772
2992 656
2996 2021
2992 128
3000 2671
2998 1587
2995 2403
2991 928
2992 2636
2998 1213
2994 1245
3000 856
2992 1459
2995 2546
2998 817
2993 1209
2999 1810
2990 2465
2996 1724
2992 392
3000 2660
2994 2565
2994 1707
2998 278
2990 1057
2996 327
2991 2501
2993 329
3000 2869
3000 1813
2997 242
2992 139
2992 271
2991 2622
2997 2420
2999 1436
2994 35
2990 1068
2993 2595
2990 1013
2992 1107
2995 225
2992 1987
2992 260
2993 395
2994 1135
2994 1806
2998 1378
2999 1139
2991 862
3000 207
2993 417
2994 101
2991 994
2996 2516
2996 1933
2998 344
2994 1069
2994 1696
2990 2102
2999 2690
3000 900
2999 314
2991 1808
2998 630
2997 561
2995 2491
2991 1511
2994 1608
2990 1431
2994 156
2999 853
2996 272
2990 529
2996 195
2995 2986
2993 1066
2991 1456
3000 2891
2996 2010
2996 63
2997 2035
2994 354
2995 478
2998 1488
2998 2808
2990 1453
2991 686
2999 2503
2998 2665
3000 867
2992 1943
2992 865
3000 2682
2997 1958
2996 2670
2993 1275
3000 2473
2993 1011
2996 1328
2992 216
2999 1282
3000 1615
2996 921
2991 334
2994 2664
3000 1263
2991 477
2991 532
2996 151
2996 646
2996 1614
2991 1852
2997 1331
2999 1843
2999 2107
3000 680
2999 1084
2994 2730
2998 652
2995 2139
2990 1321
2991 2743
3000 1560
2997 1166
2995 269
2995 1468
2999 2008
2999 2734
2994 1927
2995 2183
2995 742
2991 2006
2994 112
2990 2938
3000 2803
2992 2185
2990 342
2999 2085
2991 1819
2994 1388
2997 1298
2995 1259
2998 476
2994 1575
3000 1626
2993 65
2997 2508
2995 1864
2997 1980
2991 411
2991 1984
2990 2861
3000 1659
3000 1769
3000 2968
2997 2607
3000 515
2998 2027
2991 180
2991 1357
2995 665
2993 1924
2995 2645
2996 1174
2997 1760
2999 2965
2994 2939
2994 981
2995 2161
2998 300
3000 1197
2990 595
3000 2704
2992 2416
2994 2587
2992 1899
2996 767
2995 2051
2998 2225
2997 396
3000 1285
2993 1484
2996 2857
2998 146
2994 1817
2997 2574
3000 2000
3000 526
2992 964
2994 1091
2998 2731
2990 2718
2997 2112
2998 36
2998 1323
2997 2211
2992 2020
2993 32
3000 1637
2992 2053
2996 2450
2993 153
2995 1996
2990 2190
3000 1230
2990 1596
2993 912
2995 2271
2990 1354
2995 962
3000 1527
2998 2753
2991 1225
3000 636
2990 2256
2999 2393
2992 667
2998 1906
2995 1611
2993 1539
2994 2092
2997 2013
2993 956
2994 739
2994 442
2999 2756
2995 1754
2996 2967
2998 1653
2993 1605
2995 2656
2994 2125
2996 283
2994 1751
2999 1634
2990 1915
2995 973
2999 2855
2998 1367
2998 619
2992 1283
2998 1015
2995 489
2994 365
2993 2419
2993 2188
2999 743
2996 1658
2991 2215
2990 386
2998 1444
3000 185
3000 2847
2991 15
3000 713
2990 2344
2991 2765
2995 2843
2995 379
2999 897
2995 2854
2990 1860
3000 1307
2993 659
2997 154
2999 204
2991 4
2990 474
2999 545
2997 2673
2995 1424
2990 2850
2994 948
2998 2489
2992 2350
2999 952
3000 42
2999 754
3000 108
2998 839
2993 978
2997 2618
2997 935
2994 2741
2998 1202
2999 578
2990 1112
2999 2910
2992 1492
2998 575
2995 2249
2997 1177
2994 2972
2995 2766
2995 2106
2993 1913
2999 1986
2995 2117
2993 2826
2995 555
2997 1936
2991 2534
2999 6
2996 2802
2998 2951
2999 149
2998 641
2997 1309
2998 2324
2990 2784
2995 2040
2996 2252
2993 2837
2997 1727
2994 2763
2998 2522
2993 2045
3000 405
2992 1228
2997 22
3000 1549
2991 2798
2993 1242
2994 299
